22
[
M

ландшафт
шрифт 12 знаков на дюйм
123456789012345678901234567890123456789012345678901234567890123456789012345678901234567890123456789012345678901234567890123456789012345678901234567890123456789012345678901234567890123456789012345678901234567890123456789012345678901234567890123456789012345678901234567890123456789012345678901234567890
        10        20        30        40        50        60        70        80        90       100       110       120       130       140       150       160       170

123456789012345678901234567890123456789012345678901234567890123456789012345678901234567890123456789012345678901234567890123456789012345678901234567890123456789012345678901234567890123456789012345678901234567890123456789012345678901234567890123456789012345678901234567890123456789012345678901234567890
        10        20        30        40        50        60        70        80        90       100       110       120       130       140       150       160       170       180       190       200       210

